residuals[g/m3],time_residuals[h]
0.0001848349291079,0.0
0.00017712490161962124,0.00020694444444440026
0.0001819396733064104,0.0004138888888888994
0.00019419270773494277,0.0006208333333332997
0.00016058377866044166,0.0008277777777776999
0.0001874338905445556,0.0010349999999999995
0.00013544280183897848,0.0012419444444443997
0.00017503014605185205,0.0014488888888888989
0.00017961250667023173,0.0016558333333332991
0.00016577933729766136,0.0018627777777776994
0.00018404391384014624,0.0020697222222222002
0.00017664221998185732,0.0022766666666665988
0.00017006387855616375,0.0024836111111110996
0.00018350797594911814,0.0026905555555555
0.0001996371628092876,0.002897499999999999
0.00020134705932623289,0.0031044444444443993
0.00023913243231749178,0.0033116666666666
0.00024173961367969044,0.003518611111111099
0.0003217044750081802,0.0037255555555554994
0.0005664469178071073,0.0039325
0.0006889098430830174,0.004139444444444399
0.0008122181089155468,0.004346666666666599
-7.751076817901913e-05,0.0045536111111111
-0.0023724153685324876,0.004760555555555499
-0.007212480239601424,0.0049675
-0.013017187265297932,0.0051744444444444
-0.018598668208910436,0.005381388888888899
-0.022814166910082853,0.005588333333333299
-0.025261685916693886,0.0057952777777777
-0.026115470388387668,0.006002222222222199
-0.02569802954107129,0.006209166666666599
-0.024141079520470437,0.0064161111111111
-0.02309624680763982,0.0066230555555555
-0.021300913225380348,0.006829999999999999
-0.020747961730508555,0.0070369444444443995
-0.019879793907468333,0.0072438888888889
-0.018066755506345122,0.007450833333333299
-0.01767513254719711,0.0076580555555555
-0.01653622426309495,0.0078647222222222
-0.016198131715723013,0.0080719444444444
-0.013418968224222751,0.0082788888888889
-0.014206917167004243,0.008485833333333298
-0.013264763149196994,0.0086927777777777
-0.011933216051599554,0.0089005555555555
-0.011233381291677572,0.009107222222222199
-0.012186591428648884,0.009314444444444401
-0.010527790421189717,0.0095213888888889
-0.008482226995594602,0.009728333333333299
-0.009205695105748805,0.009935277777777701
-0.007409949799935429,0.0101422222222222
-0.007142960842898796,0.010349166666666599
-0.006585647271899461,0.010556111111111101
-0.007285782929531394,0.0107630555555555
-0.007670172902799699,0.010969999999999999
-0.0066511129585901455,0.0111769444444444
-0.006495106551240942,0.0113838888888889
-0.003951008446726106,0.011590833333333299
-0.005777985396517457,0.0117977777777777
-0.0045122901770101795,0.012005
-0.004288068930956082,0.012211666666666598
-0.004315153265721093,0.0124188888888888
-0.0033029852949678223,0.0126258333333333
-0.003150119644230953,0.012832777777777698
-0.0036394282528984245,0.0130397222222222
-0.002810947853816345,0.0132466666666666
-0.0021999686366332566,0.013453611111111098
-0.0005792462499371528,0.0136605555555555
-0.001920487218171625,0.0138675
-0.0020316298346964717,0.014074444444444398
-9.157577719545035e-05,0.0142813888888888
-0.0029336469040144447,0.0144883333333333
-0.002014802130207015,0.014695277777777701
-0.0008982387975563361,0.0149022222222222
-0.0015349025860583176,0.015109166666666599
-0.0016763268574009546,0.015316111111111098
-0.0030403734297528504,0.0155230555555555
-0.0010396627969371866,0.01573
-0.003723201317879274,0.0159369444444444
0.0019662649972214605,0.016143888888888798
-0.0015626821331096927,0.0163508333333333
0.0009602748684920601,0.0165577777777777
-0.0003338495218188492,0.0167647222222222
0.00021077662702165267,0.0169722222222222
-3.112145857134957e-05,0.0171794444444444
0.0008571564058374517,0.017386388888888903
0.0020972365567810403,0.0175933333333333
-0.0008120575013597989,0.0178002777777777
-0.0025467014558292547,0.018007222222222202
0.003911698889433053,0.0182144444444444
0.00015255496434668503,0.018421388888888897
0.0005462812131159026,0.018628333333333302
0.0017272480741861995,0.0188352777777777
-0.0002877579834905872,0.019042222222222197
-0.0003852346275637561,0.019249166666666602
0.0018373899800185473,0.019456111111111098
-0.0005734024221945647,0.019663055555555496
0.0010603131767483037,0.01987
-0.0005981012450086351,0.020076944444444397
0.0003454115946327982,0.0202838888888889
-0.00041802368950030755,0.0204908333333333
0.001553398166960561,0.020697777777777697
0.0011280213130569622,0.0209047222222222
0.0001997167862249974,0.021111666666666598
0.000338178054221365,0.0213186111111111
-0.0002575695710676368,0.0215255555555555
0.0012276491961178623,0.021732500000000002
0.0005247139881398438,0.0219394444444444
0.0017609785201969444,0.022146388888888903
0.000377274765836981,0.0223533333333333
-0.00015467907994932972,0.0225602777777777
-0.001849143836801806,0.022767222222222203
-1.165115136239625e-05,0.0229741666666666
0.00182669461469636,0.023181111111111097
0.0012078388271201113,0.023388055555555502
0.003630838622641741,0.0235952777777777
0.0014204726112040864,0.023802222222222197
0.0018480578940666958,0.024009166666666595
-0.0001185373758887387,0.024216111111111098
0.0004499760431110056,0.024423333333333297
0.0016987983940905116,0.024630277777777695
0.0014854118666902255,0.024837222222222198
0.0005386285892996223,0.025044722222222197
0.002496509760364564,0.025251666666666596
0.0015035744056017541,0.0254586111111111
0.0018759281856252294,0.025665555555555497
0.002923968928239193,0.025872777777777696
0.001556219197749148,0.026079444444444398
0.0016552872459491483,0.0262863888888889
0.0030961116402996453,0.0264933333333333
-0.0004934026294233576,0.026700555555555498
0.0012050387111374392,0.0269075
0.0019210569986772494,0.0271144444444444
0.002496609047650429,0.027321388888888895
0.0010927985129325218,0.0275283333333333
0.0027616604564067795,0.0277352777777777
0.0019145450978996434,0.027942222222222195
0.001994138256234103,0.0281491666666666
0.0016839280982416244,0.028356111111111096
0.0017495331191578964,0.0285630555555555
0.0017832046659454828,0.028769999999999997
0.001565617935274384,0.028976944444444395
0.0026473350599346135,0.029183888888888898
-0.0006952004225080424,0.029390833333333297
0.0023638256340244856,0.029598055555555496
0.0037370030793296635,0.029804999999999998
0.0025425426246811975,0.030011944444444397
0.0025143446900160807,0.030219444444444396
0.0007718921379617424,0.0304263888888889
0.0013856464529524437,0.030633333333333297
0.0035399933021647914,0.030840277777777696
0.0016240462880536682,0.0310472222222222
-0.00047115326993377865,0.0312541666666666
0.0035612146139986575,0.0314611111111111
0.0023561289132546376,0.0316680555555555
0.0009697753231664719,0.031875
0.001068834640558236,0.0320819444444444
0.0006297265633700422,0.0322891666666666
0.003089432780006812,0.0324963888888888
0.0013591627930948785,0.0327036111111111
0.0007201585138928643,0.0329108333333333
0.0007988430788417947,0.0331177777777777
0.002723815545459994,0.0333247222222222
0.004626318913158553,0.0335316666666666
0.0011080800048781023,0.0337386111111111
0.0014204168961288663,0.0339455555555555
0.00031211475409791134,0.0341527777777777
0.0017711285947594885,0.0343597222222222
0.0026812146428637287,0.0345666666666666
0.00020149965750519,0.034773888888888896
0.0007937034349992655,0.034981111111111095
0.0003309848332626042,0.0351880555555555
0.0035718126418418233,0.035394999999999996
0.0013373655983268257,0.035601944444444394
0.0005910544502624807,0.0358091666666666
0.004423669812769267,0.036016111111111096
0.0011754817102213669,0.036223055555555495
0.0030581614443141864,0.0364305555555555
-0.0005164162065102382,0.036637499999999996
0.0014107388687652211,0.036844444444444395
-0.0005789073356432181,0.0370513888888889
0.0018508887566162716,0.037258333333333296
0.0026844050468039296,0.037465555555555495
0.0005130305453310835,0.0376727777777777
0.001924336751496912,0.0378797222222222
0.0026242016618985287,0.038086944444444396
0.002463756460807577,0.0382938888888889
-0.00027313641522742904,0.0385008333333333
0.00016823614661406333,0.038708055555555496
0.0016040193731269928,0.038915
0.0006797262215365932,0.0391222222222222
0.002133259588396358,0.039329166666666596
-4.505781117501023e-05,0.039536388888888795
0.0022534601106287827,0.0397433333333333
0.0011816203199926517,0.039950555555555496
-0.00033968734987288585,0.0401575
0.00320505831887586,0.0403647222222222
0.0012334414009263495,0.040571666666666596
-0.00032332633400099925,0.0407788888888889
0.0028153718235519043,0.0409858333333333
-0.0005936448967569785,0.041192777777777696
0.0014388509002193628,0.0414
0.0004952011762493699,0.0416066666666666
0.0002993732462877943,0.0418138888888889
0.0011965612510427062,0.0420208333333333
0.000997362624897552,0.0422277777777777
0.003936182497097776,0.0424347222222222
-0.0014827729626219269,0.0426419444444444
0.0021713457148507948,0.042848888888888895
0.0002510900776624969,0.0430558333333333
0.0020797159272880478,0.0432627777777777
0.0010742604442335185,0.043469999999999995
-0.0010320629054796707,0.0436769444444444
0.0008668557397906174,0.043883888888888896
0.0034893678495789768,0.044090833333333294
0.0023284368149124324,0.0442977777777777
0.00044330715567725276,0.044504722222222196
0.0012567236457498784,0.0447116666666666
0.0028756185677522236,0.0449186111111111
0.001954525334156347,0.045125555555555495
0.0022260671742018595,0.0453325
0.00253038774131676,0.045539444444444396
-0.0013854685344919168,0.0457463888888889
0.002786552131336155,0.0459533333333333
0.0007942011698835252,0.046160277777777696
0.003841169092810029,0.0463672222222222
0.0019256259116954277,0.0465741666666666
0.0020971475099867687,0.0467811111111111
0.0028610895143236295,0.0469880555555555
0.002300602257242837,0.047195
0.0022874687161359986,0.0474019444444444
0.00015892163036238666,0.047608888888888895
0.002816586650906408,0.0478158333333333
0.0011928248200261532,0.0480227777777777
0.0026079795688851853,0.048229722222222195
0.00040017966399847477,0.0484366666666666
0.0013612804696409159,0.048643888888888896
0.00024471810223244267,0.048850833333333295
0.0014461729558589709,0.0490577777777777
0.0023857732080865557,0.049264999999999996
0.00392491983748583,0.049471944444444395
0.0014887173530663475,0.0496788888888889
0.00036812475917249315,0.049885833333333296
0.0014056956824444883,0.050092777777777694
0.002014706020304541,0.0503
0.002220087924092784,0.050506944444444396
0.00028608726410587343,0.0507138888888889
0.0006606782949199544,0.0509208333333333
0.002463987598342869,0.051127777777777696
-0.001226360783813378,0.0513347222222222
0.0036620652163586453,0.0515419444444444
0.0008570754350331819,0.051748888888888796
0.0008629921035950214,0.0519558333333333
-0.0005380999450338569,0.0521627777777777
0.001026507806666646,0.0523697222222222
0.00016232341002174466,0.0525766666666666
0.0017699910478648218,0.0527838888888888
0.0012713506206963598,0.0529908333333333
0.001578184560472165,0.0531977777777777
0.0009147924093803883,0.0534047222222222
0.001961327692554901,0.0536116666666666
0.004008822358885486,0.053818611111111095
0.00013586189533246196,0.0540255555555555
0.0014834298649068559,0.054232499999999996
0.0005229863283908107,0.054439444444444395
0.0009753345797414298,0.0546463888888889
0.001556358570307649,0.0548536111111111
-0.0025047730511586,0.0550605555555555
-0.0010303760849120838,0.0552675
0.0009705492897015,0.055474444444444396
0.0005380989165844063,0.05568138888888889
0.0027861533227871577,0.055888333333333304
0.0014395551217147584,0.0560952777777777
-0.0009936635259654367,0.0563022222222222
0.0018938546131784459,0.056509166666666596
0.0017066407027612543,0.05671611111111109
-0.002577162492664098,0.056923055555555505
0.0007495148390298453,0.057130277777777794
0.0005463911601098145,0.05733722222222219
-0.0005764679818578144,0.0575444444444444
0.0006823358726426379,0.057751388888888894
-0.0006875988693820778,0.05795833333333329
0.0016140088024190202,0.058165277777777705
0.0009908205724954156,0.058372499999999994
0.002087343278903739,0.05857944444444439
0.0009534015288811676,0.0587863888888889
0.0020113479603425313,0.0589933333333333
0.0012502733882177944,0.05920055555555549
0.002702354329125245,0.0594075
0.0003427935469829946,0.0596144444444444
0.0034998064513416458,0.059821388888888896
0.0013797011158979203,0.060028333333333295
-7.13700371776857e-05,0.06023527777777769
0.0005281730929564757,0.0604422222222222
0.0032324790957568086,0.0606491666666666
0.00011191821793005152,0.0608561111111111
0.0013171840914358926,0.061063055555555495
-0.0011960885466695131,0.0612702777777777
0.0023012082352610944,0.0614772222222222
0.002593924876537465,0.061684166666666596
0.0006950460721569518,0.061891666666666595
0.0017887107655999573,0.062098611111111104
0.0009356248590809066,0.0623055555555555
0.003296586092722452,0.0625125
-0.0007925529428326958,0.0627194444444444
0.000856530315585774,0.06292638888888889
0.0009014700999318628,0.06313333333333329
-0.0018176771441530681,0.0633402777777777
-0.0005105013237241204,0.0635472222222222
0.0043120833311385415,0.06375444444444439
0.0026458582340102496,0.0639611111111111
0.000433188920915574,0.0641683333333333
0.0033925746266296464,0.0643752777777777
0.00220104654666229,0.0645825
0.002668110718290387,0.0647894444444444
0.0017196991271571649,0.06496
-0.0034857792033959473,0.0652033333333333
0.004953601024988409,0.0654105555555555
-0.0009316383378658658,0.0656175
0.0025305200951084086,0.065825
0.0032873162183982146,0.0660319444444444
0.001362432538377728,0.0662391666666666
8.29778414881896e-05,0.0664461111111111
0.0019013659315167963,0.0666530555555555
0.0020252396466798536,0.06686
-0.0011821480092433154,0.0670669444444444
0.00032265376996609,0.0672738888888889
-0.001930289626741015,0.0674808333333333
0.0015901491710198778,0.06768777777777779
0.0018071535126177596,0.067895
0.00021998784827205464,0.0681019444444444
-0.0011864940054320816,0.06830888888888889
0.0021694722545464937,0.0685158333333333
0.0015601629914907544,0.0687227777777777
-0.000625669387522107,0.0689297222222222
0.0007382948429672034,0.0691366666666666
-0.000164039485412118,0.06934361111111109
-6.819092512182906e-05,0.0695505555555555
0.004249837213189084,0.0697577777777778
0.0005952423714722724,0.06996472222222219
-0.0004093816382601048,0.0701716666666666
-0.0005731117218792589,0.0703786111111111
-0.0008791314720742321,0.0705855555555555
0.00015266687862232342,0.0707925
0.0011394196401374457,0.071
0.004503462609337497,0.0712072222222222
0.0005402475219644584,0.07141444444444439
0.0016394895316225178,0.0716213888888889
0.00023230380059261618,0.0718286111111111
-0.0024542650595051896,0.07203555555555549
-0.0014253269341208824,0.0722425
-3.2951809013269384e-05,0.0724494444444444
0.00021375297593596854,0.0726563888888889
-0.0033827282516231405,0.0728636111111111
0.001694169378760546,0.0730705555555555
0.0013394208186859394,0.0732775
0.00027296369759560735,0.0734844444444444
0.0010707666495509832,0.0736913888888889
0.0008019584127058818,0.0738983333333333
0.0019476053192978016,0.0741055555555555
-0.0002687373155991282,0.0743125
0.0030892169241747564,0.0745197222222222
-0.0002717302281459999,0.0747263888888889
0.00032587048029820986,0.0749333333333333
0.00020613593906039507,0.0751405555555555
0.0009146989438891112,0.0753475
0.005686446006969138,0.0755544444444444
0.0024394012560897613,0.07576138888888889
0.004270766108692085,0.0759683333333333
0.0008884262618521419,0.0761752777777777
-0.0017868141598397155,0.0763822222222222
0.0016528442212770805,0.0765894444444444
0.0017285973019312215,0.0767963888888889
0.002378802424661236,0.0770033333333333
0.0023440674677353,0.0772102777777778
0.0001801879021923608,0.07741722222222219
7.507032322041224e-05,0.07762416666666659
0.0007809501208084629,0.0778311111111111
0.00042452430035667954,0.0780380555555555
0.000331127236749329,0.078245
-0.0006378146937454643,0.0784519444444444
-0.0002026301242932793,0.0786588888888889
0.0011433780543838104,0.0788658333333333
0.0027094723874423257,0.0790727777777777
-0.00032713673944709254,0.0792797222222222
-0.0028592360789676044,0.0794866666666666
0.000149128882328535,0.0796936111111111
-0.0001876306821043533,0.0799005555555555
0.0003650750230584643,0.0801075
0.0012826266281757218,0.0803144444444444
0.0012109105075631607,0.08052138888888889
0.0006981913004213761,0.0807286111111111
-0.002210601404839259,0.0809355555555555
-0.0003041617597227472,0.0811427777777777
-6.778372856737491e-05,0.08134999999999999
-0.0002190191797066185,0.0815569444444444
-0.001055969882653253,0.0817638888888889
2.2920598895435906e-05,0.0819708333333333
0.0029176693840362172,0.0821780555555555
-0.0009047426148324836,0.082385
-0.0018954708223721112,0.08259222222222219
0.0005724746460488289,0.0827991666666666
-0.0013633653167658341,0.0830061111111111
-0.00039339880340719807,0.0832130555555555
0.0002586684817796059,0.0834202777777777
0.004883925928582417,0.0836272222222222
-0.0010181515357793394,0.0838341666666666
-0.0002098572917159508,0.0840411111111111
-0.000581744875875978,0.08424805555555549
0.0019612373335447866,0.084455
-0.00032259282376978504,0.0846619444444444
-0.0018165383705445667,0.08486916666666659
0.0003010601391910117,0.0850761111111111
-0.0005163439508161088,0.0852836111111111
-2.8100881788159504e-05,0.0854905555555555
-0.0018173967300057006,0.0856975
-0.00018227279386546363,0.0859044444444444
-0.0010248135297307795,0.0861113888888889
0.0014636315739313885,0.0863183333333333
0.0007635862235982893,0.0865255555555555
-0.0016613036343128412,0.0867322222222222
-0.002174544573169526,0.0869391666666666
-0.001049593414481971,0.0871461111111111
-0.0013457766460369808,0.0873533333333333
-0.004657925751049605,0.08756027777777779
-0.001653030931497608,0.08776722222222219
-0.004463066422043541,0.0879741666666666
-0.002903607379413295,0.0881811111111111
-0.007479587381084424,0.0883880555555555
-0.008891489890346015,0.0885952777777777
-0.011327178314719612,0.0888022222222222
-0.008795067690935507,0.0890091666666666
-0.01018257403997546,0.0892161111111111
-0.012127011107301904,0.08942305555555549
-0.014055457813394664,0.08963
-0.01824899086746879,0.0898369444444444
-0.019364101531465235,0.09004416666666659
-0.019093978802724766,0.0902511111111111
-0.022425656777560456,0.0904580555555555
-0.0219161767205677,0.090665
-0.023288322187823743,0.0908722222222222
-0.025792762062847252,0.0910791666666666
-0.027026376399023083,0.0912861111111111
-0.026667540928406,0.0914930555555555
-0.029174833670141335,0.0917
-0.02984399222960662,0.0919069444444444
-0.030079495237404184,0.0921138888888889
-0.03185126969451335,0.0923208333333333
-0.03183364693439281,0.0925280555555555
-0.032165448389466375,0.092735
-0.03333257068499622,0.0929419444444444
-0.033075839420859905,0.09314888888888889
-0.03516447418198492,0.0933558333333333
-0.035053535432802735,0.0935627777777777
-0.03633279987454157,0.09376999999999999
-0.03589663423658014,0.0939769444444444
-0.03680914931684349,0.0941838888888888
-0.03708693663167259,0.0943908333333333
-0.03708467009931252,0.0945977777777777
-0.03686487824656876,0.09480472222222219
-0.03781170249319368,0.09501166666666659
-0.037738101747501494,0.0952186111111111
-0.03892111220866447,0.0954255555555555
-0.038449886351069995,0.0956325
-0.03931557556716056,0.0958394444444444
-0.039471000145801516,0.0960463888888889
-0.03910724054317502,0.0962533333333333
-0.03935328261757267,0.0964605555555555
-0.04057130961766795,0.0966675
-0.040306709969997946,0.096875
-0.040422831444359465,0.0970819444444444
-0.04071860271375523,0.0972888888888889
-0.040908682200180825,0.0974961111111111
-0.04168392578186933,0.0977027777777777
-0.041280863956147745,0.09787361111111109
-0.04138477962165871,0.0981175
-0.04192427792489733,0.098325
-0.04107877507815626,0.0985319444444444
-0.04235114164286418,0.0987388888888889
-0.04201350349426877,0.0989458333333333
-0.042619298016102015,0.0991527777777777
-0.0430545820343741,0.0993597222222222
-0.042124668223812334,0.0995666666666666
-0.04335904024906587,0.0997736111111111
-0.043092108569102,0.0999805555555555
-0.0432263831205735,0.1001875
-0.04401297461954518,0.1003947222222222
-0.043609016731289175,0.1006016666666666
-0.04414851931524717,0.10080833333333329
-0.04333575777055217,0.1010158333333333
-0.04460029401074531,0.1012227777777777
-0.044149936949330004,0.1014297222222222
-0.04402935517458218,0.1016366666666666
-0.04421730045944422,0.1018436111111111
-0.044643768637804844,0.10205055555555549
-0.044627924876774486,0.1022575
-0.04453783635191222,0.1024644444444444
-0.04423988704732263,0.1026713888888889
-0.044832805720402144,0.1028783333333333
-0.04497993006080014,0.10308527777777769
-0.04484411325165356,0.1032922222222222
-0.0448825306936132,0.1034991666666666
-0.044785250633851324,0.1037061111111111
-0.044909425585633184,0.1039130555555555
-0.04585923619127374,0.10412
-0.04555879307624442,0.1043272222222222
-0.04567669688635573,0.1045341666666666
-0.04557116962950762,0.1047413888888889
-0.046226095129460104,0.1049486111111111
-0.046033430823337475,0.1051555555555555
-0.04586499626055069,0.1053625
-0.046148047152219665,0.1055694444444444
-0.04607615449985236,0.1057766666666666
-0.04646751212250841,0.1059836111111111
-0.04551462183608164,0.1061905555555555
-0.045777538287235284,0.10639749999999999
-0.04630670020595292,0.1066044444444444
-0.045792606125642774,0.1068119444444444
-0.04666319461353953,0.1070188888888889
-0.04649318198745071,0.1072258333333333
-0.04645317691642936,0.1074327777777778
-0.046719869473743396,0.10763972222222219
-0.046430223263350695,0.1078469444444444
-0.046862096603089015,0.1080538888888889
-0.04685731257225644,0.1082611111111111
-0.0468238521474357,0.1084680555555555
-0.047114243275019584,0.108675
-0.047356500622556974,0.10888194444444439
-0.04756481760140229,0.1090888888888889
-0.04786721115623002,0.1092958333333333
-0.047214151069165766,0.1095027777777777
-0.0473346551629491,0.1097097222222222
-0.04735226992422892,0.1099166666666666
-0.04762275292895363,0.1101236111111111
-0.047615506478149695,0.1103313888888889
-0.04786621359280882,0.1105383333333333
-0.047517456482527004,0.11074527777777769
-0.04787430136321951,0.1109522222222222
-0.047730425087424436,0.1111591666666666
-0.04775915459750869,0.1113661111111111
-0.04766605419614401,0.1115730555555555
-0.048236916144382816,0.11178
-0.0479833555809605,0.1119869444444444
-0.047613608266212824,0.1121938888888889
-0.048345022884929145,0.1124008333333333
-0.048275676883944706,0.1126080555555555
-0.04831618523813268,0.112815
-0.0483402387765449,0.1130222222222222
-0.04805417668491304,0.1132294444444444
-0.04856099404861753,0.11343638888888889
-0.04829012115189198,0.1136433333333333
-0.04846787003093597,0.1138502777777777
-0.048556201338619855,0.1140572222222222
-0.048794636816053324,0.1142644444444444
-0.04863817760905417,0.11447111111111109
-0.0484400944848326,0.11467861111111109
-0.0489360882621211,0.1148855555555555
-0.04889380737761782,0.1150925
-0.04875790559448081,0.1152994444444444
-0.04889904156571591,0.1155063888888889
-0.049142696851608866,0.1157133333333333
-0.04888299552051521,0.11592027777777769
-0.04861013533825689,0.1161275
-0.049361034218993224,0.1163344444444444
-0.04911465544787662,0.1165411111111111
-0.04851349443379099,0.1167480555555555
-0.04904959087797674,0.1169552777777778
-0.049419108094211066,0.1171622222222222
-0.048947504129714776,0.11736916666666669
-0.04929240844323886,0.1175761111111111
-0.049302457759496446,0.1177833333333333
-0.04927909612566494,0.11799027777777779
-0.04935749222830319,0.1181972222222222
-0.04919226970324588,0.11840416666666659
-0.04919792728064769,0.11861111111111111
-0.04967445911310213,0.1188180555555555
-0.04929592759900576,0.1190255555555555
-0.04946462779341046,0.11923249999999999
-0.04936195988351464,0.1194394444444444
-0.049718533577865424,0.1196463888888889
-0.049833902761714705,0.11985333333333328
-0.0494515852253826,0.1200602777777777
-0.04956937923872676,0.12026722222222219
-0.04971019288563152,0.12047416666666669
-0.04964611727359776,0.1206811111111111
-0.04952236850619225,0.12088805555555548
-0.04951466096605002,0.12109500000000001
-0.04993863335695346,0.12130194444444439
-0.049864820125203005,0.12150916666666658
-0.04976600797803248,0.12171611111111111
-0.049749338121477166,0.12192305555555549
-0.04979392754698793,0.12212999999999999
-0.0498115366013325,0.1223369444444444
-0.05020997532545705,0.1225438888888889
-0.05021892707444877,0.12275083333333331
-0.050197266765364894,0.12295805555555558
-0.05012819857325221,0.123165
-0.05030239076919348,0.12337194444444441
-0.04981266049004668,0.1235788888888889
-0.05005423824022455,0.12378583333333329
-0.05010528287650854,0.12399277777777779
-0.05035184800157545,0.1241997222222222
-0.050400180589617954,0.12440666666666661
-0.050374726304014183,0.1246136111111111
-0.049813299387300294,0.12482055555555549
-0.05050550926968016,0.12502749999999999
-0.05052253228194405,0.1252344444444444
-0.05060695527076339,0.1254416666666666
-0.05022159927625327,0.12564861111111109
-0.05039924412872457,0.1258555555555555
-0.05023993053506687,0.1260625
-0.05024657224405902,0.12626972222222219
-0.05058381736880284,0.1264769444444444
-0.050325435077111944,0.1266838888888889
-0.05101403065799158,0.12689083333333329
-0.0509615727928604,0.1270980555555555
-0.05074867597615264,0.127305
-0.05053232220760037,0.1275119444444444
-0.05084545900450445,0.1277191666666667
-0.0507859956133687,0.1279261111111111
-0.05084732041233091,0.1281333333333333
-0.05033334042013567,0.1283402777777778
-0.050832186872611096,0.1285472222222222
-0.050934959042372024,0.1287538888888889
-0.0508151134707838,0.1289611111111111
-0.05078639115399995,0.1291680555555555
-0.05113978187847728,0.129375
-0.05102669629966889,0.1295819444444444
-0.05109038768886999,0.1297888888888889
-0.05102173214803608,0.1299958333333333
-0.05070435754977331,0.1302027777777777
-0.050953129697091176,0.1304097222222222
-0.05124718534969207,0.1306166666666667
-0.05136200105960664,0.1308236111111111
-0.05111643971587777,0.1310305555555555
-0.05096481075064852,0.1312375
-0.051108048813159127,0.1314444444444444
-0.051547617977859526,0.1316516666666666
-0.05127596766309561,0.1318588888888889
-0.051321668186427145,0.1320658333333333
-0.05126402254113422,0.1322727777777778
-0.05148692536998688,0.1324797222222222
-0.051324307163846165,0.1326866666666666
-0.0514334839331808,0.1328936111111111
-0.051360305313899894,0.1331005555555555
-0.05142041434475993,0.1333075
-0.05182609176415476,0.1335144444444444
-0.05172510714516129,0.1337213888888889
-0.05158127216202179,0.1339283333333333
-0.0515954752819032,0.1341352777777777
-0.051547224161806224,0.1343422222222222
-0.05151963121202676,0.1345491666666666
-0.051596985955388225,0.1347563888888888
-0.05203903869952239,0.1349633333333333
-0.05158762266646935,0.1351702777777778
-0.05174396096140404,0.1353774999999999
-0.0517960119500536,0.1355844444444444
-0.05180386772827206,0.1357913888888889
-0.0517337279579114,0.1359983333333333
-0.05193520584855576,0.1362055555555555
-0.051953756708722,0.1364125
-0.05191665376030384,0.1366194444444444
-0.05199841882115107,0.1368266666666666
-0.05183943822463506,0.1370336111111111
-0.05190536595498368,0.1372405555555555
-0.05173172770936114,0.1374480555555555
-0.05204855818446695,0.1376552777777777
-0.05202052576125252,0.1378622222222222
-0.05222792324896212,0.1380691666666667
-0.05215629873236777,0.1382763888888889
-0.05205188127168592,0.1384833333333333
-0.052030266510568184,0.1386902777777778
-0.052284111961622325,0.1388969444444444
-0.05184723992566157,0.13910416666666658
-0.05237508987366596,0.1393111111111111
-0.05256358728634927,0.1395177777777778
-0.051983385323187,0.139725
-0.052161592251981616,0.1399319444444444
-0.05228534284540827,0.1401388888888889
-0.05240248291932176,0.1403458333333333
-0.05241794623479845,0.1405527777777778
-0.052349050297549674,0.1407597222222222
-0.05233937598821686,0.14096666666666668
-0.05237161991093124,0.1411736111111111
-0.05241946047287648,0.1413805555555556
-0.05253074798359722,0.1415875
-0.05221634587896293,0.1417944444444444
-0.05257431317168811,0.141965
-0.05231235030459294,0.1422083333333333
-0.052572885044537096,0.1424152777777777
-0.05259447258430498,0.1426222222222222
-0.05274083797706964,0.1428291666666666
-0.052603612434753325,0.14303611111111109
-0.05280209094936691,0.1432433333333333
-0.05286387880068336,0.1434505555555555
-0.05255411634581103,0.1436575
-0.05277559271697815,0.1438644444444444
-0.05259175682833801,0.1440713888888888
-0.05264868235123734,0.1442783333333333
-0.052872583106325276,0.1444852777777777
-0.05271683326537022,0.1446922222222222
-0.05246164505454161,0.1448994444444444
-0.05266720237408583,0.1451063888888888
-0.052768409857002915,0.1453133333333333
-0.052889122223012924,0.14552
-0.05262204552976525,0.1457272222222222
-0.05292807039468646,0.1459341666666666
-0.052711578694970576,0.1461411111111111
-0.052842123513121564,0.1463480555555555
-0.05262909628532227,0.1465555555555555
-0.05312661372685279,0.1467627777777778
-0.0531357033936039,0.14697
-0.05300504130309464,0.1471766666666666
-0.05307987581060078,0.1473838888888889
-0.05318501713934539,0.1475908333333333
-0.05308257959447389,0.1477980555555555
-0.05272330028303249,0.148005
-0.053056726843733776,0.1482119444444444
-0.05327462477626306,0.1484188888888889
-0.0531295411963617,0.1486258333333333
-0.05326646568133684,0.1488333333333333
-0.05316227820901643,0.1490405555555555
-0.05314733562911586,0.14924777777777778
-0.05311055439364219,0.1494547222222222
-0.0532099308193594,0.1496616666666666
-0.053454014456736795,0.1498686111111111
-0.05344318230115328,0.1500755555555555
-0.05308710546371176,0.15028249999999999
-0.05336169403513984,0.1504897222222222
-0.05318603483567391,0.1506966666666666
-0.05336227278972247,0.15090361111111109
-0.05341261306911916,0.1511105555555555
-0.05348550985021618,0.1513175
-0.05323917335022085,0.1515244444444444
-0.053513144040080764,0.1517313888888889
-0.05339982367247911,0.1519383333333333
-0.053782315548006845,0.1521455555555555
-0.05361423617073695,0.1523525
-0.05349775180443668,0.1525594444444444
-0.0532624477222414,0.1527663888888888
-0.053772160317230165,0.1529733333333333
-0.053641289915758374,0.1531802777777778
-0.053553031618678026,0.1533872222222222
-0.05357760887042349,0.1535947222222222
-0.05369319880329427,0.1538016666666666
-0.05341199235912389,0.15400916666666659
-0.053889850621602294,0.1542161111111111
-0.05377748082374422,0.1544230555555555
-0.053714927827978494,0.1546305555555555
-0.053670856986905324,0.1548375
-0.05368813937279745,0.1550444444444444
-0.05383090254719849,0.1552513888888889
-0.053929149155978406,0.1554586111111111
-0.05372309172428304,0.1556655555555555
-0.05373271700160361,0.1558725
-0.053765530555910865,0.15607916666666669
-0.053792281255620515,0.1562863888888889
-0.05367075689906647,0.1564933333333333
-0.05384244189075291,0.1567005555555555
-0.053753357777922534,0.1569075
-0.05402678087220446,0.1571147222222222
-0.054012337607989236,0.1573216666666666
-0.05386689618333079,0.1575286111111111
-0.05388416419924527,0.1577355555555555
-0.053953233816824785,0.15794249999999999
-0.054141227950265075,0.1581494444444444
-0.0541489856137623,0.1583563888888889
-0.0540072141670554,0.1585633333333333
-0.05413043154159012,0.1587702777777778
-0.05390574809058217,0.1589772222222222
-0.05425896759065781,0.1591841666666666
-0.05387644568646846,0.1593911111111111
-0.05430251876239246,0.1595980555555555
-0.05425412767335811,0.1597688888888889
-0.05420633998686319,0.1600122222222222
-0.05419773093557546,0.1602191666666667
-0.05404641626199583,0.1604261111111111
-0.054070056798124815,0.1606333333333333
-0.05441309031678516,0.16084
-0.054139666750594534,0.1610469444444444
-0.05445904682955158,0.1612538888888889
-0.054200885323946915,0.1614608333333333
-0.054278057199211575,0.1616677777777778
-0.0546232540160595,0.1618747222222222
-0.05428064576620135,0.1620816666666666
-0.05439184546974887,0.1622886111111111
-0.05419137612549312,0.1624955555555555
-0.0544356944423237,0.1627025
-0.05436611002914955,0.1629097222222222
-0.05425937050390715,0.1631163888888888
-0.05453562993444434,0.1633233333333333
-0.054478457416895124,0.1635302777777778
-0.05438051850601358,0.1637008333333333
-0.05444498097890051,0.16394416666666659
-0.05446784386457295,0.1641511111111111
-0.05456182275993186,0.1643583333333333
-0.05448010161417706,0.164565
-0.054479232587827664,0.1647719444444444
-0.05427243888208262,0.1649788888888889
-0.0542216088600684,0.1651858333333333
-0.05460018171620849,0.1653930555555555
-0.05463221607562373,0.1656
-0.05425142449113906,0.1658069444444444
-0.054227671757579664,0.1660138888888889
-0.054275038637208714,0.1662208333333333
-0.054452341128751844,0.16642777777777779
-0.054515500168536735,0.1666347222222222
-0.05439537814818301,0.1668416666666667
-0.05430800696616834,0.1670486111111111
-0.05467840175478931,0.1672555555555555
-0.054593578163766865,0.1674625
-0.05478790196152244,0.1676694444444444
-0.054509805679539475,0.1678763888888889
-0.054661888541865274,0.1680833333333333
-0.05475556560037048,0.1682902777777778
-0.054683488458755085,0.1684972222222222
-0.054569883315155825,0.1687041666666666
-0.054718811764619936,0.1689111111111111
-0.05464961859448288,0.1691183333333333
-0.054496713545071115,0.1693258333333333
-0.05470379595007806,0.1695330555555555
-0.05483005651948545,0.16974
-0.05473206800916769,0.1699469444444444
-0.05467556273856226,0.1701538888888889
-0.05483097117512187,0.1703608333333333
-0.05471187822137614,0.1705677777777778
-0.054728057268568144,0.1707747222222222
-0.0550816385969913,0.1709816666666666
-0.05474807968074237,0.1711886111111111
-0.05473025169555868,0.1713955555555555
-0.05473193950258792,0.1716025
-0.05490333376317801,0.1718094444444444
-0.05476835610367728,0.1720166666666666
-0.054865712009260575,0.1722236111111111
-0.05464228842026747,0.1724305555555555
-0.05471508657454741,0.1726375
-0.054880891893581835,0.1728444444444444
-0.0548928808524726,0.1730513888888889
-0.054782357941126875,0.1732586111111111
-0.05480483060611151,0.17346555555555548
-0.05466208318171799,0.1736727777777778
-0.05489489100924939,0.1738797222222222
-0.054940226517699316,0.17408666666666658
-0.054988530937781194,0.1742936111111111
-0.05487358794394265,0.1745005555555555
-0.054949630080956505,0.1747075
-0.054894322385594906,0.1749147222222222
-0.05516008383886989,0.1751216666666666
-0.05537356181520996,0.1753286111111111
-0.05510119843914722,0.1755355555555555
-0.054938067949753255,0.1757427777777777
-0.055209824784063895,0.1759497222222222
-0.05498472720754346,0.1761566666666666
-0.05498988845991996,0.1763636111111111
-0.05496826812615388,0.1765705555555555
-0.05492836376683035,0.1767775
-0.05499274261610015,0.1769844444444444
-0.05516350071663589,0.17719138888888888
-0.055028074139312176,0.1773983333333333
-0.05514593685957072,0.1776052777777778
-0.055015185094237,0.1778122222222222
-0.05509745417573894,0.1780191666666667
-0.055389500947403233,0.17822611111111109
-0.0550837005441942,0.1784333333333333
-0.05529557706255461,0.1786402777777778
-0.05513294854534298,0.1788475
-0.055175520176337665,0.1790544444444444
-0.055362904525125864,0.1792613888888889
-0.05530275856881156,0.17946833333333329
-0.055264889479265604,0.1796752777777778
-0.05520700835748819,0.1798822222222222
-0.05535312374527473,0.18008944444444439
-0.055357019842132295,0.1802963888888889
-0.055333719461690425,0.1805033333333333
-0.05532547785566073,0.18071055555555549
-0.05544097243330166,0.1809175
-0.05546187617045334,0.1811247222222222
-0.055366070824282125,0.1813313888888889
-0.055566142968120354,0.1815386111111111
-0.05525470314666345,0.1817455555555555
-0.055390287212956864,0.1819522222222222
-0.055338700016149406,0.1821591666666666
-0.055497444439639484,0.1823661111111111
-0.05561271952715572,0.1825730555555555
-0.05545186291133178,0.18278
-0.05533864352675005,0.1829869444444444
-0.055449641830352135,0.1831938888888888
-0.0552508131666074,0.1834008333333333
-0.0554575483798038,0.1836077777777778
-0.05554732819219675,0.1838147222222222
-0.05547167944026151,0.1840216666666666
-0.055376415048843684,0.1842286111111111
-0.05559779235874791,0.1844355555555555
-0.05571261437331888,0.1846425
-0.055664622978200407,0.1848494444444444
-0.055690719644615416,0.1850563888888889
-0.0556842740089113,0.1852636111111111
-0.055700856697463906,0.1854702777777778
-0.05559025420370994,0.1856777777777777
-0.05575857465409048,0.1858847222222222
-0.05557387253634073,0.1860919444444444
-0.05558700821504346,0.1862988888888888
-0.055575801135755366,0.1865063888888889
-0.05571572045715425,0.1867136111111111
-0.05566743396840001,0.1869205555555555
-0.055619026598141164,0.1871277777777777
-0.05560652070036933,0.1873347222222222
-0.055651832178229756,0.1875416666666667
-0.05554465498251753,0.1877486111111111
-0.055642413495188336,0.1879555555555555
-0.05574097363034656,0.1881625
-0.055718204290837556,0.1883694444444444
-0.05576841293077358,0.1885763888888889
-0.055829005769383204,0.1887833333333333
-0.05569931176578081,0.1889902777777778
-0.05592728511740802,0.1891972222222222
-0.055810164585128885,0.1894041666666666
-0.055832369359741854,0.1896111111111111
-0.05572695505050789,0.1898180555555556
-0.05586911431532279,0.190025
-0.05580335582739236,0.19023194444444438
-0.05573634658521631,0.1904388888888888
-0.05577672785929951,0.1906461111111111
-0.05578092785465037,0.19085305555555548
-0.05597714334695524,0.1910602777777778
-0.05595879136652738,0.1912672222222222
-0.0560196837806173,0.1914741666666667
-0.055788668212422954,0.1916811111111111
-0.05589715685929806,0.1918880555555555
-0.0557709690773244,0.192095
-0.05584541574215396,0.1923019444444444
-0.05609510576116762,0.1925088888888889
-0.055953535942955365,0.1927161111111111
-0.05584620445984668,0.1929230555555555
-0.05584371239765394,0.19313
-0.05605117832130111,0.1933369444444444
-0.05609564907382755,0.1935438888888888
-0.05609142938014021,0.1937508333333333
-0.05590407709694197,0.1939580555555556
-0.05602432635431459,0.1941647222222222
-0.05602693889251183,0.1943722222222222
-0.056042472999353415,0.1945791666666667
-0.056110126341921786,0.1947861111111111
-0.056033777709369625,0.1949930555555555
-0.05610139554213106,0.19519999999999998
-0.05617720593942376,0.1954069444444444
-0.05604692709498868,0.1956141666666667
-0.056099322881540695,0.19582111111111108
-0.05618052424490099,0.1960280555555555
-0.05630355138362553,0.196235
-0.056268789418248165,0.1964425
-0.05610207678756727,0.1966494444444444
-0.056138643631428314,0.1968563888888889
-0.056066124789106934,0.19706333333333328
-0.056147935304536205,0.1972705555555555
-0.05621891432886865,0.1974777777777777
-0.056146358717588954,0.1976847222222222
-0.056212039711029727,0.1978916666666667
-0.056214793598092304,0.1980986111111111
-0.056217061731328316,0.19830555555555548
-0.05615384068055633,0.1985125
-0.056222363534580204,0.1987194444444444
-0.05625944266831894,0.1989263888888889
-0.056247240772359236,0.1991333333333333
-0.056406104708122407,0.1993402777777778
-0.056409350402964,0.1995472222222222
-0.05622209374145088,0.1997541666666666
-0.05645110061019374,0.1999611111111111
-0.05644176147929035,0.20016805555555559
-0.056497283770599455,0.200375
-0.05629659940007286,0.2005819444444444
-0.05636410266571972,0.2007888888888888
-0.0564093445579857,0.2009958333333333
-0.05621820373839344,0.20120277777777779
-0.05635671879896147,0.20141
-0.056271531308593345,0.2016172222222222
-0.05620356313235712,0.2018241666666667
-0.05642677411195365,0.2020311111111111
-0.056485443313185946,0.2022383333333333
-0.05648468778279799,0.2024452777777778
-0.05650817867627229,0.2026522222222222
-0.0565781076393346,0.2028591666666666
-0.056398027187951005,0.2030661111111111
-0.056585758351091475,0.2032727777777777
-0.05643202832930429,0.2034797222222222
-0.05668139639372439,0.2036866666666666
-0.05656930858859638,0.2038936111111111
-0.05660147824618632,0.2041008333333333
-0.05659776419346946,0.2043083333333333
-0.05657303242905792,0.2045152777777777
-0.056532641576379584,0.2047219444444444
-0.056709702693493215,0.2049288888888889
-0.056578245666382455,0.2051361111111111
-0.056664321357461515,0.2053430555555555
-0.05657617189946587,0.20555
-0.0566245568238382,0.2057575
-0.056757907454819574,0.2059644444444444
-0.0566720755504988,0.2061713888888889
-0.05665860420534494,0.2063783333333333
-0.056726463054703996,0.2065852777777778
-0.056711110171366534,0.2067925
-0.05674052823027344,0.2069997222222222
-0.0567489072772446,0.2072063888888889
-0.056676302456402386,0.2074133333333333
-0.05670197049331506,0.2076202777777777
-0.05686230476014284,0.2078272222222222
-0.05671046663589563,0.2080341666666667
-0.05660508074062801,0.2082413888888889
-0.056644707018079825,0.2084483333333333
-0.05662707878816873,0.2086552777777778
-0.05671137231300855,0.2088622222222222
-0.05671850757307612,0.2090694444444444
-0.056749142227885185,0.2092763888888889
-0.05690987841198094,0.2094833333333333
-0.056864331743028136,0.2096902777777778
-0.056866521739370145,0.2098972222222222
-0.056848107866892955,0.2101041666666666
-0.05686678636226732,0.2103113888888889
-0.05668040687155538,0.2105183333333333
-0.05674437549032618,0.2107252777777778
-0.056745233920907454,0.2109322222222222
-0.056987432988742745,0.2111394444444444
-0.05701809153943901,0.2113463888888889
-0.05700107951786123,0.2115533333333333
-0.056914995169521664,0.2117602777777777
-0.05685593149128635,0.2119672222222222
-0.0568696592395216,0.2121741666666667
-0.05701544784650657,0.2123811111111111
-0.05691770326058237,0.2125880555555555
-0.05685413667804025,0.21279499999999998
-0.05690277924307012,0.2130019444444444
-0.056932263844615326,0.2132088888888889
-0.05691281317408103,0.2134158333333333
-0.057042370099383254,0.2136230555555555
-0.05709926865569793,0.2138302777777778
-0.0568708240520044,0.21403722222222218
-0.05695380721114175,0.2142441666666666
-0.057009529864181376,0.2144511111111111
-0.057002129631776983,0.2146580555555555
-0.057098364384261115,0.2148652777777777
-0.057016491714209375,0.2150722222222222
-0.05702490008822748,0.2152791666666667
-0.056967520315300925,0.2154861111111111
-0.0569376489681105,0.21569305555555549
-0.05705158393142869,0.2159
-0.057057643439249836,0.2161069444444444
-0.05707290601661921,0.2163138888888889
-0.057009084232162464,0.2165208333333333
-0.056886564626764266,0.2167277777777778
-0.05709740582487255,0.2169347222222222
-0.057211817350630925,0.2171416666666666
-0.056979601875898206,0.2173486111111111
-0.05727947867004819,0.2175555555555555
-0.056992946592213795,0.2177625
-0.057036806155903265,0.2179694444444444
-0.05702760610348795,0.2181763888888888
-0.05711268436010321,0.2183833333333333
-0.057133870900276267,0.21859027777777779
-0.05705944061501679,0.2187972222222222
-0.05719873611414792,0.2190041666666666
-0.05706418408156044,0.2192111111111111
-0.05714652741453472,0.2194177777777778
-0.057211893836953256,0.219625
-0.05723985604929566,0.2198319444444444
-0.057163216923287255,0.2200397222222222
-0.05708231740075338,0.2202466666666666
-0.05705473399298486,0.2204536111111111
-0.057208239834096716,0.2206605555555555
-0.05721009361392952,0.2208675
-0.05722674914878417,0.2210744444444444
-0.05710874636627269,0.2212813888888889
-0.05734590031500596,0.2214883333333333
-0.05728628642508845,0.2216952777777777
-0.057181540309093004,0.2219025
-0.057216174102644644,0.2221091666666666
-0.057358511739148514,0.2223161111111111
-0.05720983583938341,0.2225230555555555
-0.05732902116322465,0.22273
-0.0572789279812393,0.2229369444444444
-0.0571280493959132,0.2231438888888889
-0.05720661121517249,0.2233508333333333
-0.05721609921375255,0.2235577777777778
-0.05735410882071214,0.22376472222222218
-0.05726888277308909,0.2239716666666666
-0.05723366445689383,0.2241788888888889
-0.05723109491887906,0.22438583333333328
-0.057374390303481584,0.2245927777777777
-0.05732102743814665,0.2248002777777777
-0.057332960160683274,0.2250072222222222
-0.05720893237113417,0.2252141666666666
-0.057338451627280206,0.2254213888888888
-0.05743795695569593,0.2256283333333333
-0.05723916921172179,0.2258352777777778
-0.057355682898824124,0.2260422222222222
-0.0573447360777482,0.22624916666666658
-0.05744138518031687,0.2264561111111111
-0.05741789476550193,0.2266633333333333
-0.0573403345063284,0.22687027777777768
-0.05744712641244679,0.2270769444444444
-0.05746931480564633,0.2272838888888889
-0.05745114207805101,0.2274911111111111
-0.05735258308320603,0.2276977777777778
-0.05743913010503212,0.227905
-0.05747240079300863,0.2281119444444444
-0.05731417669488299,0.2283188888888889
-0.05738266418715159,0.2285258333333333
-0.057326567993197144,0.22873277777777778
-0.05747568816765065,0.2289397222222222
-0.057515516509114475,0.2291466666666667
-0.05746004375145696,0.2293536111111111
-0.05750776870724272,0.2295605555555555
-0.05738801064318806,0.22976749999999999
-0.057437704873479184,0.2299744444444444
-0.05741328326575314,0.2301813888888889
-0.05750972766802279,0.2303883333333333
-0.0574561412939214,0.2305952777777778
-0.057520791899895805,0.2308022222222222
-0.05746119699830557,0.2310091666666666
-0.0574612886847166,0.2312161111111111
-0.057530660182506285,0.2314233333333333
-0.057451973533335594,0.2316302777777778
-0.057554919759518375,0.2318372222222222
-0.05757829984420946,0.2320444444444444
-0.05742790868783161,0.2322513888888889
-0.05753148098019481,0.2324583333333333
-0.05752669943448957,0.2326652777777778
-0.05747210576395368,0.2328722222222222
-0.0575367533297298,0.2330791666666666
-0.05767546122369116,0.2332866666666666
-0.057608404332028185,0.2334936111111111
-0.05753143442462865,0.2337011111111111
-0.05765876988889223,0.2339080555555555
-0.05760024815832761,0.234115
-0.057673551885381286,0.2343219444444444
-0.05771260525788492,0.2345288888888889
-0.05757079708672278,0.2347358333333333
-0.05763844334874358,0.2349425
-0.057551955459995946,0.2351497222222222
-0.05757021245925912,0.2353566666666667
-0.05763155487254613,0.2355636111111111
-0.05755615313622198,0.2357705555555555
-0.05760008349561537,0.2359775
-0.057807777931986166,0.2361844444444444
-0.05770891104302876,0.2363913888888889
-0.05779364747570522,0.2365983333333333
-0.057479509201181694,0.2368052777777778
-0.05783363321007759,0.2370122222222222
-0.05776030047168036,0.2372191666666666
-0.057690277718019226,0.2374261111111111
-0.05771364336686355,0.2376330555555555
-0.05763591882789403,0.23784
-0.05770892610437962,0.2380469444444444
-0.05757208395720619,0.2382538888888888
-0.057715864640230624,0.2384611111111111
-0.05782485278252366,0.2386680555555555
-0.05781385948028672,0.238875
-0.05769760649095826,0.2390819444444444
-0.057697986217177824,0.23928888888888888
-0.05772212689763192,0.2394958333333333
-0.057767738518015914,0.2397027777777778
-0.05775312394200901,0.2399097222222222
-0.05778140047805739,0.2401166666666666
-0.057652093531478536,0.24032361111111109
-0.05777195558090944,0.2405305555555555
-0.05778953335859916,0.2407375
-0.0577317069758352,0.2409444444444444
-0.05775278449788047,0.2411513888888889
-0.0578220036982943,0.2413586111111111
-0.057792127748641745,0.2415655555555555
-0.05773639626228724,0.2417725
-0.05780668256302063,0.24197944444444439
-0.05790763610974498,0.2421863888888889
-0.05777196771996062,0.2423933333333333
-0.05776718738490549,0.24260055555555549
-0.0578544204393302,0.2428075
-0.057834646429949274,0.24301444444444448
-0.05788153720603033,0.2432213888888889
-0.05782309331008108,0.2434283333333333
-0.05786706104953067,0.24363527777777771
-0.05787448442770945,0.24384222222222218
-0.057871219056122795,0.2440491666666667
-0.05780006452041059,0.24425611111111112
-0.057787821668917556,0.2444630555555556
-0.05791585053738041,0.24467027777777778
-0.05786431055448953,0.2448772222222222
-0.05787344347442649,0.2450841666666666
-0.05793473634389863,0.24529111111111107
-0.057821984453009366,0.2454980555555556
-0.05784376973125474,0.245705
-0.057789716899168425,0.24591194444444447
-0.057903586674855005,0.2461188888888889
-0.05795237457072896,0.2463258333333333
-0.05785063721614062,0.24653277777777782
-0.05785770455859746,0.24673972222222218
-0.057932981019782843,0.2469472222222222
-0.05799077191790015,0.24715416666666667
-0.05801561282652889,0.2473611111111111
-0.058014405439320495,0.2475680555555555
-0.057967606495769486,0.24777500000000002
-0.05791629428494723,0.2479819444444445
-0.05798841492356265,0.2481888888888889
-0.057851008041895684,0.24839583333333337
-0.05790147765264734,0.2486030555555555
-0.05798932962307576,0.24880999999999998
-0.057939042809827805,0.24901722222222222
-0.058011640463558355,0.2492241666666667
-0.05793877956017022,0.24943138888888888
-0.05798364403995998,0.24963861111111108
-0.05792623261092517,0.2498455555555555
-0.058033522785402344,0.2500525
-0.05798614283068073,0.2502594444444445
-0.057980394025349435,0.2504663888888889
-0.05804341991797878,0.2506733333333333
-0.058068522216481115,0.25088027777777777
-0.05811224995114784,0.2510872222222222
-0.05805480363210011,0.2512941666666667
-0.05809509321838633,0.2515011111111111
-0.05792166161777232,0.2517080555555556
-0.05798773849043227,0.251915
-0.058025989099925394,0.2521222222222222
-0.05799079003155456,0.2523291666666666
-0.05812697653175885,0.2525361111111111
-0.05803247494549283,0.2527430555555556
-0.05803672454042615,0.25295
-0.058098262578708565,0.2531569444444445
-0.05821007753729169,0.2533638888888889
-0.05804864099130919,0.2535711111111111
-0.05802058588659191,0.2537780555555555
-0.05812810979948275,0.253985
-0.05809439210733116,0.2541919444444445
-0.05808244725989855,0.2543988888888889
-0.05802408532614826,0.2546063888888889
-0.05807115283649911,0.2548133333333333
-0.05807630793952806,0.2550202777777778
-0.05809769210026043,0.2552272222222222
-0.0580551511211569,0.2554341666666667
-0.0581597422998413,0.2556413888888889
-0.058165379356517076,0.2558483333333333
-0.05810590930241242,0.2560552777777778
-0.058103229653293946,0.2562622222222222
-0.058257197384171275,0.2564697222222222
-0.05815254017351011,0.2566766666666666
-0.05816914185290544,0.2568833333333333
-0.058029152951133645,0.2570908333333333
-0.05807122710235719,0.2572977777777778
-0.05818316178072671,0.2575047222222222
-0.05819223544220981,0.2577119444444444
-0.05824388228714949,0.2579188888888888
-0.05818309748837044,0.2581258333333333
-0.05821949738771236,0.2583330555555556
-0.058229084642307596,0.25854
-0.05805341369156119,0.2587469444444444
-0.058193872525379726,0.2589541666666667
-0.05813050015322108,0.2591611111111111
-0.05819412571749465,0.2593680555555556
-0.05796464726129326,0.259575
-0.05814686449198794,0.2597819444444444
-0.0581906123166816,0.2599886111111111
-0.05820276693360257,0.2601955555555555
-0.05814747201108332,0.2604025
-0.05820296212755135,0.2606097222222222
-0.05827178795228966,0.2608166666666666
-0.0583074058421198,0.2610236111111111
-0.058046212310582,0.2612305555555556
-0.05815138692826353,0.2614372222222222
-0.05817655832194767,0.2616444444444444
-0.058316276760795066,0.2618513888888888
-0.05822892187963124,0.2620583333333333
-0.058101164708788504,0.2622652777777778
-0.058227775382758674,0.2624722222222222
-0.0581814940587092,0.2626791666666667
-0.058144804679696495,0.2628869444444445
-0.058146195422651765,0.2630938888888889
-0.05830246391049715,0.2633008333333333
-0.05824795152179478,0.2635077777777778
-0.058210577320992385,0.2637147222222222
-0.05831766291355059,0.2639216666666666
-0.05820231395712719,0.2641286111111111
-0.05830067166376382,0.2643355555555555
-0.05822182564390103,0.2645425
-0.05820905534819635,0.26474944444444437
-0.05826886277249969,0.2649563888888889
-0.05833476640346829,0.2651633333333333
-0.05823471561671257,0.2653702777777778
-0.0582646746836359,0.2655775
-0.05825274773258484,0.2657841666666666
-0.05819749604566518,0.2659911111111111
-0.05828850074012303,0.2661980555555556
-0.058264286609752386,0.266405
-0.05834048586900013,0.26661194444444447
-0.058195416966057574,0.2668191666666666
-0.058325040831753994,0.2670261111111111
-0.0583023429269579,0.2672333333333333
-0.0583193062624564,0.2674408333333333
-0.05834976634852263,0.2676480555555556
-0.05833548070546076,0.2678547222222222
-0.05833003523907146,0.2680616666666666
-0.05829215311018071,0.2682686111111111
-0.058282870735758864,0.2684755555555556
-0.058327551390951235,0.26868277777777777
-0.058251920859046236,0.2688897222222222
-0.05829516135296027,0.2690966666666666
-0.058469007165098244,0.2693036111111111
-0.058416590857134,0.2695105555555555
-0.05826643942373881,0.2697175
-0.058220115615230744,0.2699247222222222
-0.05834144300092171,0.2701316666666666
-0.058366424941044985,0.2703391666666667
-0.05823621545234027,0.2705461111111111
-0.058306461980769886,0.2707530555555555
-0.058355388487708985,0.27096
-0.05829580887031472,0.27116722222222217
-0.05837925027134199,0.2713741666666667
-0.05837013257354316,0.2715811111111111
-0.05833455889414308,0.2717880555555556
-0.05831728585628542,0.271995
-0.05831800629046187,0.2722019444444444
-0.058381752225934516,0.2724091666666667
-0.05835887465109105,0.2726161111111111
-0.05839312737799692,0.2728230555555556
-0.05825930337091708,0.27303
-0.05835503019962984,0.2732372222222222
-0.05845679627455719,0.2734441666666667
-0.058360784639900624,0.2736511111111111
-0.05835925404699269,0.2738580555555556
-0.058427815739818666,0.274065
-0.05840953495731881,0.27427194444444447
-0.05843083650728537,0.2744788888888889
-0.058439692499172476,0.2746858333333333
-0.05845516147486147,0.2748927777777777
-0.0583941398026768,0.2750997222222222
-0.05836736504971118,0.2753066666666666
-0.05849258527988786,0.2755136111111111
-0.058398709721664645,0.2757205555555556
-0.058404657084300426,0.2759280555555555
-0.05848706106169869,0.2761352777777778
-0.05838239908301289,0.2763425
-0.058387276455585786,0.2765494444444444
-0.05852361883098756,0.27675638888888887
-0.05843788628552705,0.2769633333333333
-0.058434111695063504,0.2771702777777778
-0.05844079696579622,0.2773772222222222
-0.0584407704652274,0.2775841666666667
-0.05839451985482788,0.2777911111111111
-0.05855683919091673,0.2779980555555555
-0.0584863818033212,0.278205
-0.05841896491641162,0.2784119444444444
-0.05852909242286855,0.2786188888888888
-0.05847236704075468,0.2787894444444444
-0.058494620212033464,0.2790327777777778
-0.05844400959423303,0.2792397222222222
-0.05845864194923412,0.2794466666666667
-0.05852821581947567,0.2796536111111111
-0.05844530239668266,0.2798608333333333
-0.058491146685748646,0.2800677777777778
-0.05848324219495469,0.2802747222222222
-0.058493791042619904,0.2804816666666667
-0.05852351158801036,0.2806886111111111
-0.058516418673186424,0.2808955555555555
-0.05854096400775133,0.2811025
-0.05849562150546401,0.2813094444444445
-0.0585759075698021,0.2815166666666666
-0.05848373848720485,0.2817236111111111
-0.058465943642897006,0.2819305555555556
-0.05851708631601479,0.2821375
-0.05849931419558577,0.2823441666666667
-0.058525800033371315,0.2825511111111111
-0.05853995427979358,0.2827216666666666
-0.05858375547132789,0.2829649999999999
-0.058521291520896704,0.2831719444444444
-0.05849427002898623,0.2833788888888888
-0.05855282464253427,0.28358583333333337
-0.058487445124459164,0.2837927777777778
-0.058453067874986504,0.2839997222222222
-0.05859551435534513,0.2842066666666666
-0.05847038348520284,0.2844136111111111
-0.05852492295692496,0.2846205555555555
-0.05853834324362525,0.2848275
-0.05854934951239534,0.2850344444444444
-0.05849679917612359,0.2852413888888889
-0.05850884593972165,0.2854483333333333
-0.0585961514345987,0.28565527777777777
-0.05858183213893142,0.2858622222222222
-0.05864897260914755,0.2860694444444445
-0.05866276893719674,0.2862763888888889
-0.05853231310494353,0.2864841666666666
-0.05862473524288819,0.2866911111111112
-0.05862036138600865,0.2868980555555556
-0.058571933611188426,0.287105
-0.058609461091036937,0.2873119444444444
-0.05862471758916555,0.2875188888888889
-0.05855479046755342,0.2877258333333333
-0.058620107884335394,0.2879330555555556
-0.05866165803989867,0.28813972222222217
-0.05856298044593695,0.2883469444444444
-0.05860530706201518,0.2885536111111111
-0.05861193236264749,0.2887608333333333
-0.05862122336562636,0.2889677777777777
-0.058583527481046234,0.2891747222222222
-0.05869139495088137,0.2893816666666667
-0.05859790542304863,0.2895886111111111
